È«±æµ¿0,47,62,32
È«±æµ¿1,28,14,18
È«±æµ¿2,5,28,79
È«±æµ¿3,70,55,36
È«±æµ¿4,67,40,50
È«±æµ¿5,42,91,47
È«±æµ¿6,45,75,6
È«±æµ¿7,8,47,7
È«±æµ¿8,27,76,60
È«±æµ¿9,78,62,1
È«±æµ¿10,44,53,1
È«±æµ¿11,70,19,54
È«±æµ¿12,14,52,44
È«±æµ¿13,77,99,11
È«±æµ¿14,71,25,57
È«±æµ¿15,74,1,3
È«±æµ¿16,20,56,36
È«±æµ¿17,39,0,2
È«±æµ¿18,92,51,1
È«±æµ¿19,56,69,99
È«±æµ¿20,57,18,89
È«±æµ¿21,49,29,73
È«±æµ¿22,21,23,8
È«±æµ¿23,48,47,50
È«±æµ¿24,29,21,76
È«±æµ¿25,73,43,28
È«±æµ¿26,13,71,82
È«±æµ¿27,49,8,99
È«±æµ¿28,10,8,79
È«±æµ¿29,12,48,37
È«±æµ¿30,44,39,53
È«±æµ¿31,25,41,54
È«±æµ¿32,79,22,43
È«±æµ¿33,44,62,23
È«±æµ¿34,84,94,14
È«±æµ¿35,18,96,49
È«±æµ¿36,24,41,0
È«±æµ¿37,8,84,17
È«±æµ¿38,39,43,82
È«±æµ¿39,25,39,30
È«±æµ¿40,66,63,45
È«±æµ¿41,49,66,32
È«±æµ¿42,98,75,81
È«±æµ¿43,77,6,53
È«±æµ¿44,37,26,44
È«±æµ¿45,55,95,71
È«±æµ¿46,78,66,64
È«±æµ¿47,19,25,23
È«±æµ¿48,70,32,43
È«±æµ¿49,45,28,14
È«±æµ¿50,61,23,53
È«±æµ¿51,88,82,73
È«±æµ¿52,60,27,66
È«±æµ¿53,9,19,15
È«±æµ¿54,97,57,56
È«±æµ¿55,91,10,26
È«±æµ¿56,66,49,13
È«±æµ¿57,75,61,99
È«±æµ¿58,19,91,67
È«±æµ¿59,48,56,75
È«±æµ¿60,9,56,60
È«±æµ¿61,1,60,26
È«±æµ¿62,76,44,76
È«±æµ¿63,99,89,32
È«±æµ¿64,25,9,41
È«±æµ¿65,47,1,54
È«±æµ¿66,28,13,46
È«±æµ¿67,7,46,19
È«±æµ¿68,2,26,55
È«±æµ¿69,5,18,38
È«±æµ¿70,10,43,35
È«±æµ¿71,77,65,67
È«±æµ¿72,17,33,17
È«±æµ¿73,26,97,67
È«±æµ¿74,51,25,47
È«±æµ¿75,37,3,64
È«±æµ¿76,6,22,56
È«±æµ¿77,29,19,59
È«±æµ¿78,7,47,98
È«±æµ¿79,71,92,40
È«±æµ¿80,5,9,98
È«±æµ¿81,54,9,42
È«±æµ¿82,38,68,63
È«±æµ¿83,67,36,88
È«±æµ¿84,45,79,80
È«±æµ¿85,92,71,0
È«±æµ¿86,10,15,65
È«±æµ¿87,71,4,44
È«±æµ¿88,82,45,83
È«±æµ¿89,24,13,25
È«±æµ¿90,23,36,80
È«±æµ¿91,84,99,34
È«±æµ¿92,17,56,15
È«±æµ¿93,81,8,99
È«±æµ¿94,81,44,7
È«±æµ¿95,99,3,9
È«±æµ¿96,64,43,0
È«±æµ¿97,40,40,90
È«±æµ¿98,29,51,90
È«±æµ¿99,76,61,14
